Bellow is a dump of the data sent from the controller to the mixer when the mixer boots

01 03 0c f8
e0
01 03 0c f8
e0
01 03 0c f8
e0
01 03 0c f8
e0
01 03 0c f8
e0
01 03 0c f8
e0
01 03 0c f8
e0
01 03 0c f8
e0
01 03 0c f8 40 01 23 28 10 48 80 19 00 40 09 02 0c 18 48 84 80 01 01 8a 2c 08
30 48 89 00 00 40 81 02 2a 10 48 c8 19 00 40 89 03 0c 18 48 cc 80 01 01 8a 94 08 30 48 19 00 00 40 01 02 2a 10 48 d0 19 00 40 09 03 0c 18 48 d4 80 01 01 8a 29 08 30 48 29 00 00 40 81 03
2a 10 48 98 19 00 40 89 02 0c 18 48 9c 80 01 01 8a cb 08 18 48 6e 80 00 40 01 01 15 08 a4 70 86 00 40 09 00 00 40 41 80 05 02 29 2a 08 30 48 49 00 00 41 00 05 00 41 01 65 02
2c 9a 40 c0 00 41 10 80 05 0a 2d 2c 08 b0 68 89 00 00 41 20 01 05 14 2d b2 43 80 41 22 00 00 41 30 80 05 0a 2d 94 08 b0 68 19 00 00 41 40 01 05 14 2d b4 43 80 41 42 00 00 41 50 80
05 0a 2d 29 08 b0 68 29 00 00 41 60 80 05 0a 2d 53 43 c0 41 62 01 03 2c 1a 4e a0 01 41 71 19 01 0b 4d 03 0c 58 68 a0 80 01 05 0b 2e 08 b0 68 c1 00 00 41 90 80 05 0a 2d 2a 08 b0 68 49
00 00 42 00 2d 00 42 01
65 02 4c 9a 40 63 80 42 10 01 05 24 2d b1 43 80 42 12 00 00 42 20 01 05 24 2d b2 43 80 42 22 00 00 42 30 80 05 12 2d 94 08 30 68 19 00 00 42 40 01 05 24 2d b4 43 80 42 42 00 00 42
50 80
05 12 2d 29 08 30 68 29 00 00 42 60 80 05 12 2d 53 43 c0 42 62 01 03 4c 1a 4e a0 01 42 71 19 01 13 4d 03 0c 98 68 a0 80 01 09 0b 2e 08 30 68 c1 00 00 42 90 80 05 12 2d 2a 08 30 68
49 00 00 43 01 3b 08 d8 48 80 19 00 43 09 02 0c d8 48 84 80 05 1a 29 2c 08 b0 48 89 00 00 43 81 02 2a d0 48 c8 19 00 43 89 03 0c d8 48 cc 80 01 0d 8a 94 08 b0 48 19 00 00 43 01 02 2a d0
48 d0 19 00 43 09 03 0c d8 48 d4 80 01 0d 8a 29 08 b0 48 29 00 00 43 81 03 2a d0 48 98 19 00 43 89 02 0c d8 48 9c 80 01 0d 8a cb 08 d8 48 6e 80 00 43 01 01 15 68 a4 70 86 00 43
09 00 00 43 41 80 05 1a 29 2a 08 b0 48 49 00 00 44 00 80 05 22 2d 50 43 80 44 02 01 03 8c 1a 42 40 01 11 8b 2c 08 30 34 62 80 00 44 20 01 05 44 2d b2 43 80 44 22 00 00 44 30 80 05
22 2d 94 08 30 34 46 80 00 44 40 01 05 44 2d b4 43 80 44 42 00 00 44 50 80 05 22 2d 29 08 30 34 4a 80 00 44 60 80 05 22 2d 53 43 c0 44 62 01 03 8c 1a 4e a0 01 44 71 19 01 23 4d 03 0c
18 34 a0 40 01 11 0b 2e 08 30 34 70 80 00 44 90 80 05 22 2d 2a 08 30 34 52 80 00 45 01 03 2a 50 a4 80 86 00 45 09 02 0c 58 24 84 40 01 15 8a 2c 08 b0 24 62 80 00 45 81 02 2a 50 a4 c8 86
00 45 89 03 0c 58 24 cc 40 01 15 8a 94 08 b0 24 46 80 00 45 01 02 2a 50 a4 d0 86 00 45 09 03 0c 58 24 d4 40 01 15 8a 29 08 b0 24 4a 80 00 45 81 03 2a 50 a4 98 86 00 45 89 02
0c 58 24 9c 40 01 15 8a cb 08 58 24 6e 80 00 45 01 01 15 a8 a4 70 86 00 45 09 00 00 45 41 80 05 2a 29 2a 08 b0 24 52 80 00 46 01 03 2a 90 a4 80 86 00 46 09 02 0c 98 24 84 40 01 19 8a 2c
08
30 24 62 80 00 46 81 02 2a 90 a4 c8 86 00 46 89 03 0c 98 24 cc 40 01 19 8a 94 08 30 24 46 80 00 46 01 02 2a 90 a4 d0 86 00 46 09 03 0c 98 24 d4 40 01 19 8a 29 08 30 24 4a 80 00 46 81 03
2a 90 a4 98 86 00 46 89 02 0c 98 24 9c 40 01 19 8a cb 08 98 24 6e 80 00 46 01 01 15 c8 a4 70 86 00 46 09 00 00 46 41 80 05 32 29 2a 08 30 24 52 80 00 47 00 80 05 3a 2d 50 43 c0 47 02
01 03 ec 1a 42 40 01 1d 8b 2c 08 b0 34 62 80 00 47 20 01 05 74 2d b2 43 80 47 22 00 00 47 30 80 05 3a 2d 94 08 b0 34 46 80 00 47 40 01 05 74 2d b4 43 80 47 42 00 00 47 50 80 05 3a
2d 29 08 b0 34 4a 80 00 47 60 80 05 3a 2d 53 43 80 47 62 01 03 ec 1a 4e a0 01 1d 8b cb 08 d8 34 6e 80 00 47 80 01 05 74 2d b8 43 80 47 82 00 00 47 90 80 05 3a 2d 2a 08 b0 34 52 80 00 48
00 80
05 42 2d 50 43 c0 48 02 01 03 0c 1a 42 a0 01 48 11 19 01 43 4d 0c 30 60 a4 20 01 05 84 2d b2 43 80 48 22 00 00 48 30 80 05 42 2d 94 08 30 69 19 00 00 48 40 01 05 84 2d b4 43 80
48 42 00 00 48 50 80
05 42 2d 29 08 30 69 29 00 00 48 60 80 05 42 2d 53 43 80 48 62 01 03 0c 1a 4e a0 01 48 71 19 01 43 4d 03 0c 18 69 a0 80 01 21 0b 2e 08 30 69 c1 00 00 48 90 80 05 42 2d 2a 08
30 69 49 00 00 49 01 03 2a 50 49 80 19 00 49 09 02 0c 58 49 84 80 01 25 8a 2c 08 b0 49 89 00 00 49 81 02 2a 50 49 c8 19 00 49 89 03 0c 58 49 cc 80 01 25 8a 94 08 b0 49 19 00 00 49 01 02
2a 50 49 d0 19 00 49 09 03 0c 58 49 d4 80 05 4a 29 29 08 b0 49 29 00 00 49 81 03 2a 50 49 98 19 00 49 89 02 0c 58 49 9c 80 01 25 8a cb 08 58 49 6e 80 00 49 01 01 15 28 52 70 86
00 49 09 00 00 49 41 80 05 4a 29 2a 08 b0 49 49 00 00 4a 01 03 0a 98 49 80 19 00 4a 09 02 0c 98 49 84 80 01 29 8a 2c 08 30 49 89 00 00 4a 81 02 2a 90 49 c8 19 00 4a 89 03 0c 98 49 cc
80 01 29 8a 94 08 30 49 19 00 00 4a 01 02 2a 90 49 d0 19 00 4a 09 03 0c 98 49 d4 01 01 29 8a 29 08 30 49 29 00 00 4a 81 03 2a 90 49 98 19 00 4a 89 02 0c 98 49 9c 80 01 29 8a cb 08 98 49
6e 80 00 4a 01 01 15 48 52 70 86 00 4a 09 00 00 4a 41 80 05 52 29 2a 08 30 49 49 00 00 4b 00 80 05 5a 2d 50 43 c0 4b 02 01 03 6c 1a 42 a0 01 4b 11 19 01 5b 4d 0c 30 60 69 10 80
05 5a 2d 59 43 c0 4b 22 00 00 4b 30 80 05 5a 2d 94 08 b0 69 19 00 00 4b 40 01 05 b4 2d b4 43 80 4b 42 00 00 4b 50 80 05 5a 2d 29 08 b0 69 29 00 00 4b 60 80 05 5a 2d 53 43 c0 4b 62
01 03 6c 1a 4e a0 01 4b 71 19 01 5b 4d 03 0c d8 69 a0 80 01 2d 0b 2e 08 b0 69 c1 00 00 4b 90 80 05 5a 2d 2a 08 b0 69 49 00 00 4c 01 03 2a 10 52 40 86 00 4c 09 02 0c 18 12 42 a0 01 4c
45 cb 08 18 92 62 c0 00 4c 81 02 2a 10 52 64 86 00 4c 89 03 0c 18 12 66 a0 01 4c c5 ca 08 18 92 46 c0 00 4c 01 02 2a 10 52 68 86 00 4c 09 03 0c 18 12 6a a0 01 4c 45 ca 08 18 92 4a c0 00
4c
81 03 2a 10 52 4c 86 00 4c 89 02 0c 18 12 4e a0 01 4c c5 cb 08 18 92 6e c0 00 4c 01 01 15 88 52 70 86 00 4c 09 00 00 4c 41 80 05 62 29 2a 08 30 92 52 c0 00 4d 00 80 05 6a
2d 50 43 c0 4d 02 01 03 ac 1a 42 a0 01 4d 11 19 01 6b 4d 0c 30 60 d3 20 80 05 6a 2d 59 43 c0 4d 22 00 00 4d 30 80 05 6a 2d 94 08 b0 9a 46 c0 00 4d 40 01 05 d4 2d b4 43 80 4d 42 00 00
4d 50 80
05 6a 2d 29 08 b0 9a 4a c0 00 4d 60 80 05 6a 2d 53 43 c0 4d 62 01 03 ac 1a 4e a0 01 4d 71 19 01 6b 4d 03 0c 58 1a 50 a0 01 4d 81 19 01 6b 4d 1c 60 c0 4d 90 80 05 6a 2d 2a 08
b0 9a 52 c0 00 4e 00 80 05 72 2d 50 43 c0 4e 02 01 03 cc 1a 42 a0 01 4e 11 19 01 73 4d 0c 30 60 a7 20 01 05 e4 2d b2 43 80 4e 22 00 00 4e 30 80 05 72 2d 94 08 30 9a 46 c0 00 4e 40 01
05 e4 2d b4 43 80 4e 42 00 00 4e 50 80 05 72 2d 29 08 30 9a 4a c0 00 4e 60 80 05 72 2d 53 43 c0 4e 62 01 03 cc 1a 4e a0 01 4e 71 19 01 73 4d 03 0c 98 1a 50 a0 01 4e 81 19 01 73 4d 1c 60
c0 4e 90 80 05 72 2d 2a 08 30 9a 52 c0 00 4f 01 03 2a d0 52 40 86 00 4f 09 02 0c d8 12 42 a0 01 4f 45 cb 08 d8 92 62 c0 00 4f 81 02 2a d0 52 64 86 00 4f 89 03 0c d8 12 66 a0 01 4f c5 ca
08 d8 92 46 c0 00 4f 01 02 2a d0 52 68 86 00 4f 09 03 0c d8 12 6a a0 01 4f 45 ca 08 d8 92 4a c0 00 4f 81 03 2a d0 52 4c 86 00 4f 89 02 0c d8 12 4e a0 01 4f c5 cb 08 d8 92 6e
c0 00 4f 01 01 15 e8 52 70 86 00 4f 09 00 00 4f 41 80 05 7a 29 2a 08 b0 92 52 c0 00 50 00 80 05 82 2d 50 43 c0 50 02 01 03 0c 0d 21 50 80 50 11 19 01 83 4d 0c 30 60 a8 20 01 05 04 2d b2
43 80 50 22 00 00 50 30 80 05 82 2d 94 08 30 6a 19 00 00 50 40 01 05 04 2d b4 43 80 50 42 00 00 50 50 80 05 82 2d 29 08 30 6a 29 00 00 50 60 80 05 82 2d 53 43 c0 50 62
01 03 0c 0d 27 50 80 50 71 19 01 83 4d 03 0c 18 6a a0 80 01 41 0b 2e 08 30 6a c1 00 00 50 90 80 05 82 2d 2a 08 30 6a 49 00 00 51 01 03 2a 50 4a 80 19 00 51 09 02 0c 58 4a 84 80 05 8a 29
2c 08 b0 4a 89 00 00 51 81 02 2a 50 4a c8 19 00 51 89 03 0c 58 4a cc 80 05 8a 29 94 08 b0 4a 19 00 00 51 01 02 2a 50 4a d0 19 00 51 09 03 0c 58 4a d4 80 01 45 8a 29 08 b0 4a 29
00 00 51
81 03 2a 50 4a 98 19 00 51 89 02 0c 58 4a 9c 80 01 45 8a cb 08 58 4a 6e 80 00 51 01 01 15 28 a5 70 86 00 51 09 00 00 51 41 80 05 8a 29 2a 08 b0 4a 49 00 00 52 01 03 2a 90 4a
80
19 00 52 09 02 0c 98 4a 84 80 01 49 8a 2c 08 30 4a 89 00 00 52 81 02 2a 90 4a c8 19 00 52 89 03 0c 98 4a cc 80 05 92 29 94 08 30 4a 19 00 00 52 01 02 2a 90 4a d0 19 00 52 09 03 0c 98 4a
d4 80 01 49 8a 29 08 30 4a 29 00 00 52 81 03 2a 90 4a 98 19 00 52 89 02 0c 98 4a 9c 80 01 49 8a cb 08 98 4a 6e 80 00 52 01 01 15 48 a5 70 86 00 52 09 00 00 52 41 80 05 92 29 2a 08 30
4a
49 00 00 53 00 80 05 9a 2d 50 43 c0 53 02 01 03 6c 0d 21 50 80 53 11 19 01 9b 4d 0c 30 60 6a 10 80 05 9a 2d 59 43 c0 53 22 00 00 53 30 80 05 9a 2d 94 08 b0 6a 19 00 00 53 40 01 05
34 2d b4 43 80 53 42 00 00 53 50 80 05 9a 2d 29 08 b0 6a 29 00 00 53 60 80 05 9a 2d 53 43 c0 53 62 01 03 6c 0d 27 50 80 53 71 19 01 9b 4d 03 0c d8 6a a0 80 01 4d 0b 2e 08 b0 6a c1 00
00 53 90 80
05 9a 2d 2a 08 b0 6a 49 00 00 20 01 03 0a 18 44 80 80 00 20 09 02 0a 18 44 60 40 00 20 11 02 0a 18 44 c1 80 00 20 19 03 0a 18 44 20 a0 80 20 21 02 0a 18 44 c2 80 00 20 29 03
0a 18 44 41 40 00 20 31 03 0a 18 44 83 80 00 20 39 02 0a 18 44 18 50 c0 20 10 01 01 06 14 0c 28 60 10 12 80 01 03 34 08 28 60 b0 03 00 00 60 04 01 03 0c 5b 30 7f 80 60 06 00 00 60 07 01
03 0c 1b 41 c0 00 60 0b 79 03 0c db 41 2c 20 6c 41 98 02 60 0b 81 1a 0c db 41 c0 04 81 5b 08 58 30 d8 41 80 06 60 0b 01 3b 08 db 41 c0 08 60 0b 01 4b 0c db 41 c0 0a 60 0b 01
5b 08 db 41 c0 0c 60 0b 01 6b 08 db 41 c0 0e 60 0b 01 7b 0c db 41 80 10 81 5b 08 58 62 d8 0b 00 12 60 0b 01 9b 08 9b 10 60 c0 86 63 01 01 ff
84 4d 00 00
84 4d 19
01 ff
84 4d 3e
01 ff
84 4d 62
01 ff
84 4d 85
01 ff
84 4d af 00
84 4d d4 00
84 4d fa 00
84 4d 25
05 fe
84 4d 4a
05 fe
84 4d 73
05 fe
84 4d 9a 01
ff
84 4d bf
05 fe
84 4d e5
05 fe
84 4d 04
09 fe
84 4d 21 02
ff
84 4d 43