R1: e0 00 00 00 
T1: e0 00 02 f0 
R1: e0 00 00 00 
T1: e0 00 02 f0 
R1: 40 00 04 01 40 01 19 00 40 02 00 00 40 10 80 01 40 11 19 00 40 12 00 00 40 20 80 01 40 21 
R1: 19 00 40 22 00 00 40 30 80 01 40 31 19 00 40 32 00 00 40 40 80 01 40 41 19 00 40 42 00 00 40 50 80 01 40 51 19 00 40 52 00 00 40 60 80 01 40 61 19 00 40 62 00 00 40 
R1: 70 80 01 40 71 19 00 40 72 00 00 40 80 80 01 40 81 19 00 40 82 00 00 40 90 80 01 40 91 19 00 40 92 00 00 41 00 05 00 41 01 19 00 41 02 00 00 41 10 80 01 41 11 19 00 41 
R2: e0 00 00 00 
T2: e0 00 00 f0 
R1: 12 00 00 41 20 80 01 41 21 19 00 41 22 00 00 41 30 80 01 41 31 19 00 41 32 00 00 41 40 80 01 41 41 19 00 41 42 00 00 41 50 80 01 41 51 19 00 41 52 00 00 41 60 80 01 
R1: 41 61 19 00 41 62 00 00 41 70 80 01 41 71 19 00 41 72 00 00 41 80 80 01 41 81 19 00 41 82 00 00 41 90 80 01 41 91 19 00 41 92 00 00 42 00 2d 00 42 01 19 00 42 02 1b 00 
T2: e0 00 
R1: 42 10 80 01 42 11 19 00 42 12 00 00 42 20 80 01 42 21 19 00 42 22 00 00 42 30 80 01 42 31 19 00 42 32 00 00 42 40 80 01 42 41 19 00 42 42 00 00 42 50 80 01 42 51 19 00 
R2: e0 00 00 00 
T2: 00 f0 
R1: 42 52 00 00 42 60 80 01 42 61 19 00 42 62 00 00 42 70 80 01 42 71 19 00 42 72 00 00 42 80 80 01 42 81 19 00 42 82 00 00 42 90 80 01 42 91 19 00 42 92 00 00 43 00 07 
R1: 00 43 01 19 00 43 02 00 00 43 10 80 01 43 11 19 00 43 12 00 00 43 20 80 01 43 21 19 00 43 22 00 00 43 30 80 01 43 31 19 00 43 32 00 00 43 40 80 01 43 41 19 00 43 42 00 
R1: 00 43 50 80 01 43 51 19 00 43 52 00 00 43 60 80 01 43 61 19 00 43 62 00 00 43 70 80 01 43 71 19 00 43 72 00 00 43 80 80 01 43 81 19 00 43 82 00 00 43 90 80 01 43 91 
R1: 19 00 43 92 00 00 44 00 80 01 44 01 19 00 44 02 00 00 44 10 80 01 44 11 19 00 44 12 00 00 44 20 80 01 44 21 19 00 44 22 00 00 44 30 80 01 44 31 19 00 44 32 00 00 44 40 
R1: 80 01 44 41 19 00 44 42 00 00 44 50 80 01 44 51 19 00 44 52 00 00 44 60 80 01 44 61 19 00 44 62 00 00 44 70 80 01 44 71 19 00 44 72 00 00 44 80 80 01 44 81 19 00 44 82 
R1: 00 00 44 90 80 01 44 91 19 00 44 92 00 00 45 00 80 01 45 01 19 00 45 02 00 00 45 10 80 01 45 11 19 00 45 12 00 00 45 20 80 01 45 21 19 00 45 22 00 00 45 30 80 01 45 
R1: 31 19 00 45 32 00 00 45 40 80 01 45 41 19 00 45 42 00 00 45 50 80 01 45 51 19 00 45 52 00 00 45 60 80 01 45 61 19 00 45 62 00 00 45 70 80 01 45 71 19 00 45 72 00 00 45 
R1: 80 80 01 45 81 19 00 45 82 00 00 45 90 80 01 45 91 19 00 45 92 00 00 46 00 3d 01 46 01 19 00 46 02 00 00 46 10 80 00 46 11 19 00 46 12 00 00 46 20 80 01 46 21 19 00 46 
R1: 22 00 00 46 30 80 01 46 31 19 00 46 32 00 00 46 40 80 01 46 41 19 00 46 42 00 00 46 50 80 01 46 51 19 00 46 52 00 00 46 60 80 01 46 61 19 00 46 62 00 00 46 70 80 01 
R1: 46 71 19 00 46 72 00 00 46 80 80 01 46 81 19 00 46 82 00 00 46 90 80 01 46 91 19 00 46 92 00 00 47 00 80 01 47 01 19 00 47 02 00 00 47 10 80 01 47 11 19 00 47 12 00 00 
R1: 47 20 80 01 47 21 19 00 47 22 00 00 47 30 80 01 47 31 19 00 47 32 00 00 47 40 80 01 47 41 19 00 47 42 00 00 47 50 80 01 47 51 19 00 47 52 00 00 47 60 80 01 47 61 19 
R1: 00 47 62 00 00 47 70 80 01 47 71 19 00 47 72 00 00 47 80 80 01 47 81 19 00 47 82 00 00 47 90 80 01 47 91 19 00 47 92 00 00 48 00 80 01 48 01 19 00 48 02 00 00 48 10 80 
R1: 01 48 11 19 00 48 12 00 00 48 20 80 01 48 21 19 00 48 22 00 00 48 30 80 01 48 31 19 00 48 32 00 00 48 40 80 01 48 41 19 00 48 42 00 00 48 50 80 01 48 51 19 00 48 52 00 
R1: 00 48 60 80 01 48 61 19 00 48 62 00 00 48 70 80 01 48 71 19 00 48 72 00 00 48 80 80 01 48 81 19 00 48 82 00 00 48 90 80 01 48 91 19 00 48 92 00 00 49 00 80 01 49 01 
R1: 19 00 49 02 00 00 49 10 80 01 49 11 19 00 49 12 00 00 49 20 80 01 49 21 19 00 49 22 00 00 49 30 80 01 49 31 19 00 49 32 00 00 49 40 80 01 49 41 19 00 49 42 00 00 49 50 
R1: 80 01 49 51 19 00 49 52 00 00 49 60 80 01 49 61 19 00 49 62 00 00 49 70 80 01 49 71 19 00 49 72 00 00 49 80 80 01 49 81 19 00 49 82 00 00 49 90 80 01 49 91 19 00 49 
R1: 92 00 00 4a 00 80 00 4a 01 19 00 4a 02 00 00 4a 10 80 01 4a 11 19 00 4a 12 00 00 4a 20 80 01 4a 21 19 00 4a 22 00 00 4a 30 80 01 4a 31 19 00 4a 32 00 00 4a 40 80 01 4a 
R1: 41 19 00 4a 42 00 00 4a 50 01 01 4a 51 19 00 4a 52 00 00 4a 60 80 01 4a 61 19 00 4a 62 00 00 4a 70 80 01 4a 71 19 00 4a 72 00 00 4a 80 80 01 4a 81 19 00 4a 82 00 00 4a 
R1: 90 80 01 4a 91 19 00 4a 92 00 00 4b 00 80 01 4b 01 19 00 4b 02 00 00 4b 10 80 01 4b 11 19 00 4b 12 00 00 4b 20 80 01 4b 21 19 00 4b 22 00 00 4b 30 80 01 4b 31 19 00 
R1: 4b 32 00 00 4b 40 80 01 4b 41 19 00 4b 42 00 00 4b 50 80 01 4b 51 19 00 4b 52 00 00 4b 60 80 01 4b 61 19 00 4b 62 00 00 4b 70 80 01 4b 71 19 00 4b 72 00 00 4b 80 80 01 
R1: 4b 81 19 00 4b 82 00 00 4b 90 80 01 4b 91 19 00 4b 92 00 00 4c 00 80 01 4c 01 19 00 4c 02 00 00 4c 10 80 01 4c 11 19 00 4c 12 00 00 4c 20 80 01 4c 21 19 00 4c 22 00 
R1: 00 4c 30 80 01 4c 31 19 00 4c 32 00 00 4c 40 80 01 4c 41 19 00 4c 42 00 00 4c 50 80 01 4c 51 19 00 4c 52 00 00 4c 60 80 01 4c 61 19 00 4c 62 00 00 4c 70 80 01 4c 71 19 
R1: 00 4c 72 00 00 4c 80 80 01 4c 81 19 00 4c 82 00 00 4c 90 80 01 4c 91 19 00 4c 92 00 00 4d 00 80 01 4d 01 19 00 4d 02 00 00 4d 10 80 01 4d 11 19 00 4d 12 00 00 4d 20 80 
R1: 01 4d 21 19 00 4d 22 00 00 4d 30 80 01 4d 31 19 00 4d 32 00 00 4d 40 80 01 4d 41 19 00 4d 42 00 00 4d 50 80 01 4d 51 19 00 4d 52 00 00 4d 60 80 01 4d 61 19 00 4d 62 
R1: 00 00 4d 70 80 01 4d 71 19 00 4d 72 00 00 4d 80 80 01 4d 81 19 00 4d 82 00 00 4d 90 80 01 4d 91 19 00 4d 92 00 00 4e 00 80 01 4e 01 19 00 4e 02 00 00 4e 10 80 01 4e 11 
R1: 19 00 4e 12 00 00 4e 20 80 01 4e 21 19 00 4e 22 00 00 4e 30 80 01 4e 31 19 00 4e 32 00 00 4e 40 80 01 4e 41 19 00 4e 42 00 00 4e 50 80 01 4e 51 19 00 4e 52 00 00 4e 
R1: 60 80 01 4e 61 19 00 4e 62 00 00 4e 70 80 01 4e 71 19 00 4e 72 00 00 4e 80 80 01 4e 81 19 00 4e 82 00 00 4e 90 80 01 4e 91 19 00 4e 92 00 00 4f 00 80 01 4f 01 19 00 4f 
R1: 02 00 00 4f 10 80 01 4f 11 19 00 4f 12 00 00 4f 20 80 01 4f 21 19 00 4f 22 00 00 4f 30 80 01 4f 31 19 00 4f 32 00 00 4f 40 80 01 4f 41 19 00 4f 42 00 00 4f 50 80 01 4f 
R1: 51 19 00 4f 52 00 00 4f 60 80 01 4f 61 19 00 4f 62 00 00 4f 70 80 01 4f 71 19 00 4f 72 00 00 4f 80 80 01 4f 81 19 00 4f 82 00 00 4f 90 80 01 4f 91 19 00 4f 92 00 00 
R1: 50 00 80 01 50 01 19 00 50 02 00 00 50 10 80 01 50 11 19 00 50 12 00 00 50 20 80 01 50 21 19 00 50 22 00 00 50 30 80 01 50 31 19 00 50 32 00 00 50 40 80 01 50 41 19 00 
R1: 50 42 00 00 50 50 80 01 50 51 19 00 50 52 00 00 50 60 80 01 50 61 19 00 50 62 00 00 50 70 80 01 50 71 19 00 50 72 00 00 50 80 80 01 50 81 19 00 50 82 00 00 50 90 80 
R1: 01 50 91 19 00 50 92 00 00 51 00 80 01 51 01 19 00 51 02 00 00 51 10 80 01 51 11 19 00 51 12 00 00 51 20 80 01 51 21 19 00 51 22 00 00 51 30 80 01 51 31 19 00 51 32 00 
R1: 00 51 40 80 01 51 41 19 00 51 42 00 00 51 50 80 01 51 51 19 00 51 52 00 00 51 60 80 01 51 61 19 00 51 62 00 00 51 70 80 01 51 71 19 00 51 72 00 00 51 80 80 01 51 81 19 
R1: 00 51 82 00 00 51 90 80 01 51 91 19 00 51 92 00 00 52 00 80 01 52 01 19 00 52 02 00 00 52 10 80 01 52 11 19 00 52 12 00 00 52 20 80 01 52 21 19 00 52 22 00 00 52 30 
R1: 80 01 52 31 19 00 52 32 00 00 52 40 80 01 52 41 19 00 52 42 00 00 52 50 80 01 52 51 19 00 52 52 00 00 52 60 80 01 52 61 19 00 52 62 00 00 52 70 80 01 52 71 19 00 52 72 
R1: 00 00 52 80 80 01 52 81 19 00 52 82 00 00 52 90 80 01 52 91 19 00 52 92 00 00 53 00 80 01 53 01 19 00 53 02 00 00 53 10 80 01 53 11 19 00 53 12 00 00 53 20 80 01 53 21 
R1: 19 00 53 22 00 00 53 30 80 01 53 31 19 00 53 32 00 00 53 40 80 01 53 41 19 00 53 42 00 00 53 50 80 01 53 51 19 00 53 52 00 00 53 60 80 01 53 61 19 00 53 62 00 00 53 
R1: 70 80 01 53 71 19 00 53 72 00 00 53 80 80 01 53 81 19 00 53 82 00 00 53 90 80 01 53 91 19 00 53 92 00 00 20 00 80 00 20 01 80 00 20 02 80 00 20 03 80 00 20 04 80 00 20 
R1: 05 80 00 20 06 80 00 20 07 80 00 20 08 80 00 20 09 80 00 20 0a 80 00 20 0b 80 00 20 0c 80 00 20 0d 80 00 20 0e 80 00 20 0f 80 00 20 10 80 00 20 11 80 00 20 12 80 00 
R1: 20 13 80 00 60 03 00 00 60 04 00 00 60 05 fa 00 60 06 00 00 60 07 00 00 60 08 00 00 60 0b 1e 00 60 0b 1e 01 60 0b 61 02 60 0b 20 03 60 0b 00 04 60 0b 00 05 60 0b 57 06 
R1: 60 0b 00 07 60 0b 00 08 60 0b 00 09 60 0b 00 0a 60 0b 00 0b 60 0b 00 0c 60 0b 00 0d 60 0b 00 0e 60 0b 00 0f 60 0b 00 10 60 0b 00 11 60 0b 00 12 60 0b 00 13 60 0e 00 
R1: 00 86 63 01 00 
T1: e1 00 38 00 
T1: e1 00 76 04 
T1: e1 00 3c 08 
T1: e1 00 07 0c 
T1: e1 00 36 10 
T1: e1 00 06 14 
T1: e1 00 19 18 
T1: e1 00 0b 1c 
T1: e1 00 09 20 
T1: e1 00 25 24 
T1: e1 00 0c 28 
T1: e1 00 0b 2c 
T1: e1 00 13 30 
T1: e1 00 0e 34 
T1: e1 00 0f 38 
T1: e1 00 10 3c 
T1: e1 00 11 40 
T1: e1 00 76 44 
T1: e1 00 13 48 
T1: e1 00 76 4c 
T1: 86 1d 00 02 86 20 00 02 86 23 00 02 86 26 00 01 86 27 00 
T1: 00 86 2b 00 02 86 31 00 00 86 35 00 00 86 36 00 00 86 37 00 00 86 38 ff 03 86 39 ff 03 86 5a 00 00 
T1: 86 3a 00 00 86 3b 00 00 86 3c 00 00 86 3d 00 00 86 3e 00 00 86 3f 00 00 86 40 00 00 86 41 00 00 86 4a 00 00 86 4b 00 00 86 51 00 00 86 52 00 00 86 53 00 00 86 54 
T2: 80 05 00 00 80 06 00 00 80 18 00 00 80 1a 00 00 80 1e 00 00 80 1f 00 00 80 1d 00 00 80 23 
T1: 00 00 
T2: 00 00 80 24 00 00 80 25 00 00 80 2a 00 00 80 2c 00 00 80 2d 00 00 80 2e 00 00 80 2f 00 00 80 30 00 00 80 31 00 00 80 36 00 00 
T1: 86 01 00 00 86 02 ff 03 86 03 ff 03 86 09 00 00 
T1: 86 1a 00 02 
T2: e0 00 00 f0 
R2: e0 00 00 00 
T2: 80 36 00 10 
T1: 84 01 ff 01 84 02 80 00 84 03 80 00 84 04 80 00 84 07 ff 03 84 08 ff 03 84 09 ff 03 84 1a 00 00 86 64 01 00 
T1: 86 65 02 00 86 68 00 00 86 6b 00 00 84 2a ff 01 84 2b ff 01 84 2c ff 01 84 32 00 00 84 37 ff 01 84 38 ff 01 84 39 ff 01 86 01 01 00 86 02 02 00 86 03 00 00 86 09 01 
T1: 00 86 1a 00 00 86 1d 00 00 86 20 00 00 86 23 00 00 86 26 01 00 86 27 01 00 86 2b 00 00 86 31 04 00 86 35 01 00 86 37 46 06 86 38 64 00 86 
T1: 39 50 00 84 50 00 00 84 51 00 00 84 52 00 00 84 53 00 00 84 54 00 00 84 55 00 00 84 56 00 00 84 57 00 00 84 58 00 00 84 59 00 00 84 5a 00 00 84 5b 00 00 84 5c 00 00 84 
T1: 5d 00 00 84 5e 00 00 84 5f 00 00 84 60 00 00 86 64 04 00 86 65 08 00 86 6b 02 00 84 61 00 00 84 62 00 00 84 63 00 00 84 64 00 00 84 65 00 00 84 66 00 00 84 67 00 00 
T2: 80 05 00 10 80 06 00 10 80 18 ff 07 80 1a ff 07 80 1e ff 
T1: 84 68 00 00 84 69 00 00 84 6a 00 00 84 6b 00 00 84 6c 00 00 84 6d 00 00 84 6e 00 00 84 6f 00 00 84 70 00 00 84 71 00 00 84 72 00 00 84 73 00 00 84 74 00 00 84 75 00 00 
T2: 01 80 1f ff 01 80 1d ff 01 80 23 ff 01 80 24 ff 01 80 25 ff 01 80 2a 00 10 80 2c ff 01 80 2d ff 01 80 2e ff 01 80 2f ff 01 80 30 ff 01 80 31 ff 01 
T1: 84 76 00 00 84 77 00 00 86 3a 03 00 86 3b 03 00 86 3c 03 00 86 3d 03 00 86 3e 03 00 86 3f 03 00 86 40 03 00 86 41 03 00 84 78 00 00 84 79 00 00 
T1: 86 1a 01 00 
T1: 86 36 01 00 86 5a 01 00 84 50 ff 01 84 51 ff 01 84 52 ff 01 84 53 ff 01 84 54 ff 01 84 55 ff 01 84 56 ff 01 84 57 
T1: ff 01 84 58 ff 01 84 59 ff 01 84 5a ff 01 84 5b ff 01 84 5c ff 01 84 5d ff 01 84 5e ff 01 84 5f ff 01 84 60 ff 01 84 61 ff 01 84 62 ff 01 84 63 ff 01 84 64 ff 01 84 65 
T1: ff 01 84 66 ff 01 84 67 ff 01 84 68 ff 01 84 69 ff 01 84 6a ff 01 84 6b ff 01 84 6c ff 01 84 6d ff 01 84 6e ff 01 84 6f ff 01 84 70 ff 01 86 65 48 00 86 68 10 00 84 71 
T1: ff 01 84 72 ff 01 84 73 ff 01 84 74 ff 01 84 75 ff 01 84 76 ff 01 84 77 ff 01 86 4a 02 00 86 4b 02 00 86 51 01 00 86 52 02 00 86 53 02 00 86 54 01 00 84 78 ff 01 84 
T1: 79 ff 01 84 01 84 01 84 02 00 00 84 03 ff 03 84 04 04 00 84 07 31 02 84 08 08 03 84 09 04 00 84 1a 4d 01 84 2a 29 03 84 2b 31 02 84 2c 86 
T1: 01 84 32 43 01 84 37 81 00 84 38 0a 00 84 39 41 00 86 01 04 00 86 02 08 00 86 03 3c 00 
T2: e0 00 00 f0 
R2: e0 00 00 00 
T1: e1 00 ff 7f 
T2: e0 00 00 f0 
R2: e0 00 00 00 
R1: e0 00 00 
T1: e0 00 02 f0 
R1: 00 
R2: e0 00 00 00 
T2: e0 00 00 f0 
T1: e0 00 02 f0 
R1: e0 00 00 00 
R2: e0 00 00 00 
T2: e0 00 00 f0 
T1: e0 00 02 
R1: e0 00 00 00 
T1: f0 
R2: e0 00 00 00 
T2: e0 00 00 f0 
R1: e0 00 00 00 
T1: e0 00 02 f0 
R2: e0 
T2: e0 00 00 f0 
R2: 00 00 00 
R1: e0 00 00 00 
T1: e0 00 02 f0 
T2: e0 00 00 f0 
R2: e0 00 00 00 
R1: e0 00 00 00 
T1: e0 00 02 f0 
T2: e0 00 00 f0 
R2: e0 00 00 00 
R1: e0 00 00 00 
T1: e0 00 02 f0 
T2: e0 00 00 f0 
R2: e0 00 00 00 
R1: e0 00 00 00 
T1: e0 00 02 f0 
